seed = 1288 sort algorithm = Bubble Sort

Unsorted:
       508        680        510        123        676        265        513        261
       878        870        838        687        871        923        770        123
       979        108        733        405        914        200        638        731
       315        709        583        749         93         53         86        601
       733        948        724        762        213        589         23        443
       812        214        130        683        137        900        158        468
         8        892        873        922        444        863          6        111
       573        589        212         18        642        298        619        727
       598        696        489        811        285        865        606         97
        79        737        132        568        637        643         37        998
       535        262        272        331        126        278        442         51
       219        655         69        213        305         40        941        904
       736        782         67         22        647        674        471         78
       411        604        647        400        247         36        398        134
       298         23        817        424        653        611        827        873
       266        896        438        924        937        379        828        673
       514        895         47        513        921        519        592        332
       475        591         85         74        627        835        560        925
       858        729        702        864        340        881        737        607
       130        175        883        419        907        711         92        773
       958        492        286        880        363        878        564        190
       469        649        616        448        485        176        726        695
       257        780        559        597        661        648        556        791
       176        439        210        435        150        655        208        461
       499        494        341        862        725        257        404        546
       907         20        995        744        548         73        791        805
       853        351        402        514        351        311        658        527
       750        220        962        253        227        522        714        726
        17        407        940         94         16        344        640        275
       364        987         19        264         60        163         69        913
       866        824        780        217        135        790         97        237
        10         59        490        238        934        556        316        303
       315        257        397        332        601        389        607        318
       377        979        582        789        142          4         55          8
       180        187        577        667        977        674        256        339
        86        747        929         20        655        246        323        323
       503         72        655        456        461        614        774        190
       593        709        980         87         65        387        447        597
       574         25        264        551        699        520        242        785
       619        172        157        627        418        480        950        273
       552        957        729        366        571        504        556        517
       565        888        956        630        275        756        227        849
       781        843        752        832        715        995        970        687
       167        127        314        937        960        616        210        512
       573        291        230        496        147        787        365        712
       675        674        694        303        430        273        152        211
       116        905        395        184        252        365        871        771
       845        185         60        805        153        270        669        726
       561        900        574        709        687        940        773        714
       614        468         17        396         93        522        959        210
       779        354        746         31         72        617        154        917
       154        214        722        307        836        391         33        397
       643        959        458        330        899        584        397        865
       404        766        613        497        288        572         59         67
       927        805        450        999        422        604        268        576
       170        342        883          6        733        268        404        377
       228        214         59        479        150        808        697        554
       575        310         52        863        883        111        283        810
       917         85        161        691        690        781        268        860
       123        503        867        208        772        623        937          0
       189        997        479        340        805        528        894        732
       839        298        596        722        410        231        884        679
       316        397        370        358        178        638        219        301
       142        438        509        266        413        447        266        954
       796         97        294        953        626        541        686        817
       839        634        539        601        865        423        280        181
       172        651        540        350        641        111          3        135
       901        864        401        666        663        667        620        459
       117        267        765         95        808        451 
Sorting:

Sorted:
         0          3          4          6          6          8          8         10
        16         17         17         18         19         20         20         22
        23         23         25         31         33         36         37         40
        47         51         52         53         55         59         59         59
        60         60         65         67         67         69         69         72
        72         73         74         78         79         85         85         86
        86         87         92         93         93         94         95         97
        97         97        108        111        111        111        116        117
       781        787        805        805        832        836        843        845
       849        860        863        865        867        871        883        883
       884        888        894        899        900        905        917        917
       927        937        937        940        954        956        957        959
       959        960        970        995        997        999        447        448
       450        456        458        461        461        468        468        469
       471        475        479        479        480        485        489        494
       496        497        499        503        503        504        512        514
       781        787        805        805        832        836        843        845
       849        860        863        865        867        871        883        883
       884        888        894        899        900        905        917        917
       927        937        937        940        954        956        957        959
       959        960        970        995        997        999        447        448
       450        456        458        461        461        468        468        469
       471        475        479        479        480        485        489        494
       496        497        499        503        503        504        512        514
       127        130        134        135        142        142        147        150
       150        152        153        154        154        157        158        161
       163        167        170        172        175        176        176        178
       180        184        185        187        189        190        200        208
       208        210        210        210        211        212        213        213
       214        214        214        217        219        219        220        227
       227        228        230        231        237        238        242        246
       247        252        253        256        257        264        264        265
       781        787        805        805        832        836        843        845
       849        860        863        865        867        871        883        883
       884        888        894        899        900        905        917        917
       927        937        937        940        954        956        957        959
       959        960        970        995        997        999        447        448
       450        456        458        461        461        468        468        469
       471        475        479        479        480        485        489        494
       496        497        499        503        503        504        512        514
       266        266        266        267        268        268        270        272
       273        273        275        275        278        280        283        285
       286        288        291        294        298        298        298        301
       303        303        305        307        310        311        314        315
       315        316        316        318        323        323        330        331
       332        332        339        340        340        341        342        344
       350        351        351        354        358        363        364        365
       365        366        370        377        377        379        387        389
       266        266        266        267        268        268        270        272
       273        273        275        275        278        280        283        285
       286        288        291        294        298        298        298        301
       303        303        305        307        310        311        314        315
       315        316        316        318        323        323        330        331
       332        332        339        340        340        341        342        344
       350        351        351        354        358        363        364        365
       365        366        370        377        377        379        387        389
       517        520        522        522        527        539        540        541
       546        548        551        552        556        556        561        565
       571        572        573        574        574        576        577        582
       584        593        597        601        601        604        607        613
       614        614        616        617        619        620        626        627
       630        634        643        669        674        675        687        687
       694        709        712        714        715        722        726        729
       733        746        752        756        766        771        773        779
       781        787        805        805        832        836        843        845
       849        860        863        865        867        871        883        883
       884        888        894        899        900        905        917        917
       927        937        937        940        954        956        957        959
       959        960        970        995        997        999 
