seed = 540 sort algorithm = Quick Sort

Unsorted:
       883        773        950        242        712        262        611        956
       325        427        751        676        440         83        644        102
       377        102        434        157        880        294        950         50
        21        173        344        751         84        960        827        967
       733        130        561        798        392        524        106        717
       952        857        746        744        293        742        846        670
       196        632        179         76        926        130        479        300
       655        823         51         91        136        230        410        221
       360        324        371        752        200        830        822        504
       687        568        248        980        662        446          3        859
       431        182        287        357        664        766          9        671
       942        412        114         78        643        525        651          3
       201        375        108        401        205        930        906        244
       850        506        577        512        953        580        723        384
       114         11         93        779        777        455        802         71
       867        917        149        510        794        153        866        995
       528        974        396         85        904        654        329        106
       161        906        970        466        838        694        202        953
        57        647         84        186        102        886        258        970
       803        759        832        597        912        698        944        792
        24        693        877        928        347        559        386        860
       465        357        678        304         51        880        609        460
       528        693        646        982        579        904        952        735
        16        137        684        280        835        629         73        860
       322        302        140         21        213        527        882        679
       236        560        335        287        793        944         99        673
       989        745        655        568          2        960        655         18
        97        340        650        284        969         75        496        643
       378        989        664        591        868        898        622        104
       811        309        743        604        605        842        629        594
       939        636        515        293        596        170        663         45
       510        314        682        831        389        178        474        119
       519        491         63        387        389        685        843        200
       347        586        156        952        780        785        547        720
       422         62        365        370        584         29        416         95
       343        450        278         84        980        105        204        500
       596        267        239        985        304         83        538        651
       669        694        956        802        480        855        874        902
       917        239        624        853        268         40        948        963
       842        579         48        823        684        604        323        632
       871        562        617        527        645        155        531        667
       202        487        821        682        342        695        936        611
       934        560        464        555        953        765        518        795
       344        918        618        380        522        293         12        745
       208        981        273        853        489        156        872        691
       995        693        725        337        388         13        300        675
       925        116        230        878        881        100         26        577
        19        996        309        893        642        321        639        850
       655        264        703        144        772        928        187        767
       973        912        456        362        925        756        389        850
       872        619         81        106         71        459        683         90
       807        345        336        449        666        327        299        673
       943        355        817        715        283        356        482        256
       268        938        970        545         46        359        748        918
       330        181         24        402        992         60        844        799
       405        180        249        423        859        548         97        802
       903        266        517        538        975        999        147        595
       289        469        141        335        181        241        606        511
       774        982        265        766        394        462        565        799
       994        166        575        854        715         24        656        970
       642        526        861        617        877          8        213        167
       477        706        854        658        299        812        522         73
       795        139        839        189        601        756        341        948
       923        268        802        638        292        810        960        934
       336        821        904        214        181        117        733         11
       823        587        669        122        400        543        547        547
       683        386         88        636        142        429        584        417
        49        738        407        341        549        368        628        885
       541        532        451        723        649        184 
Sorting:

Sorted:
         2          3          3          8          9         11         11         12
        13         16         18         19         21         21         24         24
        24         26         29         40         45         46         48         49
        50         51         51         57         60         62         63         71
        71         73         73         75         76         78         81         83
        83         84         84         84         85         88         90         91
        93         95         97         97         99        100        102        102
       102        104        105        106        106        106        108        114
       114        116        117        119        122        130        130        136
       137        139        140        141        142        144        147        149
       153        155        156        156        157        161        166        167
       170        173        178        179        180        181        181        181
       182        184        189        196        200        200        201        204
       205        213        213        214        221        230        236        241
       242        244        248        249        256        262        265        266
       268        268        278        280        283        284        287        289
       114        116        117        119        122        130        130        136
       137        139        140        141        142        144        147        149
       153        155        156        156        157        161        166        167
       170        173        178        179        180        181        181        181
       504        527        560        568        568        579        629        643
       650        655        655        673        679        684        687        735
       745        752        793        822        830        835        882        904
       944        952        960        969        980        982        989        375
       186        202        202        208        230        239        239        258
       267        268        273        287        292        293        293        293
       294        299        300        300        302        304        304        309
       309        314        321        322        323        324        325        329
       330        335        335        336        337        340        341        341
       342        343        344        344        347        347        355        356
       357        357        359        360        365        368        370        371
       377        378        380        384        386        386        387        388
       389        389        392        394        396        400        401        402
       405        407        410        412        416        417        422        423
       427        429        431        434        440        446        450        451
       455        460        462        464        465        466        469        474
       477        479        480        482        487        489        491        496
       500        506        510        510        511        512        515        517
       518        519        522        522        524        525        526        527
       528        528        531        532        538        538        541        543
       545        547        547        547        548        549        555        559
       560        562        565        575        577        577        579        580
       584        584        586        587        591        594        595        596
       596        597        601        604        604        605        606        609
       611        611        617        617        618        622        624        628
       629        632        632        636        636        638        639        642
       642        643        644        645        646        647        649        651
       651        654        655        656        658        662        663        664
       664        667        669        669        670        671        675        676
       678        682        682        683        684        685        691        693
       693        693        694        694        695        698        706        712
       715        715        717        720        723        723        725        733
       738        742        743        744        745        746        748        751
       751        756        759        765        766        766        773        774
       777        779        780        785        792        794        795        795
       799        799        802        802        802        802        803        810
       811        812        817        821        821        823        823        823
       831        832        838        839        842        842        843        844
       846        850        850        853        853        854        854        855
       857        859        859        860        860        861        866        867
       868        871        872        874        877        877        878        880
       880        881        883        885        886        893        898        902
       903        904        904        906        906        912        917        917
       918        918        923        925        926        928        930        934
       934        936        938        939        942        943        944        948
       948        950        950        952        952        953        953        953
       956        956        960        960        963        970        970        970
       970        974        975        980        981        982        985        989
       992        994        995        995        996        999 
