seed = 9174 sort algorithm = Quick Sort

Unsorted:
       290        606        110        466        682        866        393        127
       705        812        116        187        653        962        972        529
       772        547         38        489         48          7        306        679
       583        858        996        550        860        715        983        502
       673        445        968        355        312        714        483        369
       526        951        556        531        913        881         60        685
       780        450        527        828        457        833        859        393
        43        855        943        255        570        278        757        243
       724         77        951         36        791        434        757        669
       385        665        552        650        546        965        688        326
       415        215        154        225        400        365        618        443
       221        561         50        143        839        159        739        915
       236        690        303        380        476         60        401        213
       726        306        863        272        271        903        951        686
       118        457        263        870        823        881        313        396
       794        715        539        986        874        630        901        463
       672        205        843        148        265        596        361        991
       902        577        616        173        480        919        212        951
       376        475        821        551        709        487        947        503
       202        839        841         77        469        743        540        142
       300        735        642        917        331        356        261        586
       933        877        759        765        148        323        716        876
       799        538        428        860        377        727        715        579
       566        557          8        388        652        900        882        952
       987        524        869        319        880        130        905        165
       359         16        931        507        340        647        384        491
       537        164        351        914        891         66        846        810
       975        206        550        627        107        432        931         94
       308        801        765        189        283         22        706        995
        39        637        854        731        637        590        222        174
       754        925        441        998        343        287        160        319
       845        710        298        952        142        230        399        450
       383        164        991         18        539        698         13        578
       687        220        661        324        810        883        851        917
       160        292        267        855        931        427        526        776
       137        825        729        279        407        480         81        790
       644        425        808        183        475        174        113        162
       746        774        487        556          9        338        825        521
       982         92        377        913        519        903        689        656
        80        770        287        487        250        721        277        247
       146        438        782        621        964        896        135        710
        22        974        618        384        664        444        905        646
       536        634        559         56        538        601         64        618
       371        704        106        622        425        735        869        923
       525          3        896        841        251         31        551        274
         6        170         10        670        966        267        669        502
       902        580        910        792        181        327        762        553
        31        220        527        808        308        748        731        833
       751        627        675          3        658        578        629         16
       100        991         39         66        258         60        569        512
       640        831        304        822        158        419        727        541
       639        254        349        947          2         80        133        105
        59        160        460         70        738         89         86        839
        80        477        257        691        537        178        555        178
        10        860        352        520        631         79         62        270
       333        763        570        687        844         55        792        255
       215        253        325        305        694        764        496        127
       241        754        170        131        932        725        309        294
       937        661        167        568         92        229        191        425
       344        113        464        540        168        608        796        735
       213        121         40        908        885        889        387        479
       643        909        610        927        634        271        574        572
       284        741        492        376        322        683        153        666
       148        617        207        316        225          3        403        439
       476        444        699        714        685        438        193        680
       347        155        607        981        426        533        905        710
       626        398        438        948        433        591        967        582
       208        526        250        785        881        654        576        357
       450        275         71        487        713        616 
Sorting:

Sorted:
-1625813011 -1357550910 -1323837443 -1003708927 -641105700          7         38         43
        48         60         71        110        116        127        155        187
       193        208        243        250        255        275        278        290
       306        312        347        355        357        369        393        393
       398        426        433        438        438        444        445        450
       450        457        466        476        483        487        489        502
       526        526        527        529        531        533        547        550
       556        570        576        582        583        591        606        607
       698        699        705        710        713        714        714        715
       721        729        746        770        774        776        790        808
       810        825        825        851        855        883        903        913
       917        931        982  206558119  222698990  375910509  542060153  781732981
1122899651 1124473524 1630711583 1634695373 1683221428 1745970324 -1625813011 -1541071910
-1357550910 -1346725710 -1345938988 -1323837443 -1262747217 -1003708927 -999883435 -723158913
-641105700 -490213275          3          9         13         16         18         39
        59         60         66         70         80         80         81         92
       698        699        705        710        713        714        714        715
       721        729        746        770        774        776        790        808
       810        825        825        851        855        883        903        913
       917        931        982  206558119  222698990  375910509  542060153  781732981
1122899651 1124473524 1630711583 1634695373 1683221428 1745970324 -1625813011 -1541071910
-1357550910 -1346725710 -1345938988 -1323837443 -1262747217 -1003708927 -999883435 -723158913
-641105700 -490213275          3          9         13         16         18         39
        59         60         66         70         80         80         81         92
       698        699        705        710        713        714        714        715
       721        729        746        770        774        776        790        808
       810        825        825        851        855        883        903        913
       917        931        982  206558119  222698990  375910509  542060153  781732981
1122899651 1124473524 1630711583 1634695373 1683221428 1745970324 -1625813011 -1541071910
-1357550910 -1346725710 -1345938988 -1323837443 -1262747217 -1003708927 -999883435 -723158913
-641105700 -490213275          3          9         13         16         18         39
        59         60         66         70         80         80         81         92
       698        699        705        710        713        714        714        715
       721        729        746        770        774        776        790        808
       810        825        825        851        855        883        903        913
       917        931        982  206558119  222698990  375910509  542060153  781732981
1122899651 1124473524 1630711583 1634695373 1683221428 1745970324 -1625813011 -1541071910
-1357550910 -1346725710 -1345938988 -1323837443 -1262747217 -1003708927 -999883435 -723158913
-641105700 -490213275          3          9         13         16         18         39
        59         60         66         70         80         80         81         92
       698        699        705        710        713        714        714        715
       721        729        746        770        774        776        790        808
       810        825        825        851        855        883        903        913
       917        931        982  206558119  222698990  375910509  542060153  781732981
1122899651 1124473524 1630711583 1634695373 1683221428 1745970324 -1625813011 -1541071910
-1357550910 -1346725710 -1345938988 -1323837443 -1262747217 -1003708927 -999883435 -723158913
-641105700 -490213275          3          9         13         16         18         39
        59         60         66         70         80         80         81         92
       698        699        705        710        713        714        714        715
       721        729        746        770        774        776        790        808
       810        825        825        851        855        883        903        913
       917        931        982  206558119  222698990  375910509  542060153  781732981
1122899651 1124473524 1630711583 1634695373 1683221428 1745970324 -1625813011 -1541071910
-1357550910 -1346725710 -1345938988 -1323837443 -1262747217 -1003708927 -999883435 -723158913
-641105700 -490213275          3          9         13         16         18         39
        59         60         66         70         80         80         81         92
       100        105        113        133        137        158        160        160
       162        164        174        183        220        247        250        254
       258        267        277        279        287        292        304        324
       338        349        377        383        407        419        425        427
       460        475        480        487        487        512        519        521
       526        539        541        556        569        578        578        616
       616        626        644        653        654        656        661        672
       673        679        680        682        685        685        687        689
       698        699        705        710        713        714        714        715
       721        729        746        770        774        776        790        808
       810        825        825        851        855        883        903        913
       917        931        982  206558119  222698990  375910509  542060153  781732981
1122899651 1124473524 1630711583 1634695373 1683221428 1745970324 
