seed = 7413 sort algorithm = Quick Sort

Unsorted:
       802         51        309        604        781        711        185        158
       367        463        303        405        849        781        281         71
       113         11        210        761        947        622        255         83
        11        247         78        768        468        609        945        270
       660        255        227        793        318        764        303         37
       227        606        442        428        388         75        852        853
        86        414        615         34         36        870        469         47
       470        900        167        938        509        113        561        521
       720        140        666         38        256        969         75        483
       927        869        264        667        296        116        521        735
       530        136        121        919        358        942        318        180
       842        486        471        703        951        384        576        671
       524        242        709        780        563        136        615        843
       357        879        510        653        347         31        740        230
       519        861        501        230        804        819        410        998
       657        233         54        608        617        630        279        493
       225        340        273        140        828        241        983        537
       472        494        543        820        877        283        402        397
       145        903        627        301        722        389        299        380
       623        705        340        240        336        972        734        913
       664        359         53        493        952         37         30        425
       883        573        245        760        209        647        509        354
       550        488          7        624        878        658        356        853
       364        697         93         52         21        179        965        685
       891         18        530        843        407        561        620        290
       486        865        403        695        864        912        401        766
       401        760        391        631        419         99        484        135
       148        929        187        169        461        152        855        352
       170        385        547        578        298        168        220        137
       385        623        184        602        888        938        368        641
       698        111        272        117        563        108        252        711
        37        439        881        498        943         88        202        114
       473        102         44        124        622        264        261          7
       240        445        961        480        383        330        473         82
       793        745        551        356        205        156         68        242
       947        301         93        891        389        295        357        862
       749        401        338        371         17        599        731        257
       397        692         89        780        374        562        214        520
       659        118        228        864        274        648        459        573
       949        552        464        338        199        173        553        949
       574        891        672        592        843        755        201        240
       800        643        372        526        205        587         46        217
       705        275         81        331        923        892        256        225
       444         73        915        996        246        468        297        821
       712        969        765        555         77        318        147        877
       961        519        403        167        458        802        736        515
        77        817        198        352        710        455        929        506
       528        845        502        774        665        799        947        377
       121        712        284        198         31        783        427        344
       303        830        863        113        984        599        629         61
       417        827        766        479        282         47        337        810
       892        840        937        558        991        884        287        464
       597        924         14        980        707        441        324        362
       624        188        476        608        787        105         22        556
       284        140        387        567        187        725        729        432
       917        666        342        260        551        629        725        500
       553         91        832        613        885        156        975        861
       696        803        469        836        260        843        744        545
       335        484        464        875        561        545        307        830
       564        649         90        467        630        167        967        184
       259        799        149        496        307        476        357        356
       280        826        544        540         22        288        437        357
       124        901        584        685        799        891        515        363
       892        958        830        523        125        149         59        736
       300        208        232        607        684        589        315        964
       768        859        857        142        500        294        851        976
       548        436        662        699        327        529         62        572
       839        892         95        965         41        154         53        341
       714        286        300        398        227        968 
Sorting:

Sorted:
       857        859        861        861        869        875        879        885
       891        892        892        901        919        927        942        951
       958        964        965        967        968        969        975        976
       998   51893134   55375545  206558119  222698990  375910509  542060153  781732981
1122899651 1124473524 1630711583 1634695373 1683221428 1745970324 -1625813011 -1541071910
-1357550910 -1355619262 -1346725710 -1345938988 -1323837443 -1262747217 -1003708927 -999883435
-723158913 -641105700 -490213275         22         31         38         41         53
        54         59         62         75         90         91         95        116
       154        180        208        227        230        230        232        233
       242        256        264        279        286        294        296        300
       300        315        318        327        341        347        357        358
       384        398        410        436        471        483        486        493
       500        501        510        519        521        524        529        530
       548        563        572        576        589        607        608        615
       617        630        653        657        662        666        667        671
       684        699        703        709        714        720        735        740
       857        859        861        861        869        875        879        885
       891        892        892        901        919        927        942        951
       958        964        965        967        968        969        975        976
       998   51893134   55375545  206558119  222698990  375910509  542060153  781732981
1122899651 1124473524 1630711583 1634695373 1683221428 1745970324 -1625813011 -1541071910
-1357550910 -1355619262 -1346725710 -1345938988 -1323837443 -1262747217 -1003708927 -999883435
-723158913 -641105700 -490213275         22         31         38         41         53
        54         59         62         75         90         91         95        116
       857        859        861        861        869        875        879        885
       891        892        892        901        919        927        942        951
       958        964        965        967        968        969        975        976
       998   51893134   55375545  206558119  222698990  375910509  542060153  781732981
1122899651 1124473524 1630711583 1634695373 1683221428 1745970324 -1625813011 -1541071910
-1357550910 -1355619262 -1346725710 -1345938988 -1323837443 -1262747217 -1003708927 -999883435
-723158913 -641105700 -490213275         22         31         38         41         53
        54         59         62         75         90         91         95        116
       857        859        861        861        869        875        879        885
       891        892        892        901        919        927        942        951
       958        964        965        967        968        969        975        976
       998   51893134   55375545  206558119  222698990  375910509  542060153  781732981
1122899651 1124473524 1630711583 1634695373 1683221428 1745970324 -1625813011 -1541071910
-1357550910 -1355619262 -1346725710 -1345938988 -1323837443 -1262747217 -1003708927 -999883435
-723158913 -641105700 -490213275         22         31         38         41         53
        54         59         62         75         90         91         95        116
       857        859        861        861        869        875        879        885
       891        892        892        901        919        927        942        951
       958        964        965        967        968        969        975        976
       998   51893134   55375545  206558119  222698990  375910509  542060153  781732981
1122899651 1124473524 1630711583 1634695373 1683221428 1745970324 -1625813011 -1541071910
-1357550910 -1355619262 -1346725710 -1345938988 -1323837443 -1262747217 -1003708927 -999883435
-723158913 -641105700 -490213275         22         31         38         41         53
        54         59         62         75         90         91         95        116
       857        859        861        861        869        875        879        885
       891        892        892        901        919        927        942        951
       958        964        965        967        968        969        975        976
       998   51893134   55375545  206558119  222698990  375910509  542060153  781732981
1122899651 1124473524 1630711583 1634695373 1683221428 1745970324 -1625813011 -1541071910
-1357550910 -1355619262 -1346725710 -1345938988 -1323837443 -1262747217 -1003708927 -999883435
-723158913 -641105700 -490213275         22         31         38         41         53
        54         59         62         75         90         91         95        116
       121        124        125        136        136        140        142        149
       149        156        167        184        259        260        280        288
       307        307        335        356        357        357        363        437
       464        467        469        476        484        496        515        523
       540        544        545        545        553        561        564        584
       613        630        649        685        696        736        744        768
       780        799        799        803        804        819        826        830
       830        832        836        839        842        843        843        851
       857        859        861        861        869        875        879        885
       891        892        892        901        919        927        942        951
       958        964        965        967        968        969        975        976
       998   51893134   55375545  206558119  222698990  375910509  542060153  781732981
1122899651 1124473524 1630711583 1634695373 1683221428 1745970324 
