seed = 2806 sort algorithm = Quick Sort

Unsorted:
        11        546        135         51          1        193        277        589
        11        546        135         51          1        193        277        589
        11        546        135         51          1        193        277        589
        11        546        135         51          1        193        277        589
        11        546        135         51          1        193        277        589
        11        546        135         51          1        193        277        589
        11        546        135         51          1        193        277        589
        11        546        135         51          1        193        277        589
        11        546        135         51          1        193        277        589
        11        546        135         51          1        193        277        589
        11        546        135         51          1        193        277        589
        11        546        135         51          1        193        277        589
        11        546        135         51          1        193        277        589
        11        546        135         51          1        193        277        589
        11        546        135         51          1        193        277        589
        11        546        135         51          1        193        277        589
        11        546        135         51          1        193        277        589
        11        546        135         51          1        193        277        589
        11        546        135         51          1        193        277        589
        11        546        135         51          1        193        277        589
        11        546        135         51          1        193        277        589
        11        546        135         51          1        193        277        589
        11        546        135         51          1        193        277        589
        11        546        135         51          1        193        277        589
        11        546        135         51          1        193        277        589
        11        546        135         51          1        193        277        589
        11        546        135         51          1        193        277        589
        11        546        135         51          1        193        277        589
        11        546        135         51          1        193        277        589
        11        546        135         51          1        193        277        589
        11        546        135         51          1        193        277        589
        11        546        135         51          1        193        277        589
        11        546        135         51          1        193        277        589
        11        546        135         51          1        193        277        589
        11        546        135         51          1        193        277        589
        11        546        135         51          1        193        277        589
        11        546        135         51          1        193        277        589
        11        546        135         51          1        193        277        589
        11        546        135         51          1        193        277        589
        11        546        135         51          1        193        277        589
        11        546        135         51          1        193        277        589
        11        546        135         51          1        193        277        589
        11        546        135         51          1        193        277        589
        11        546        135         51          1        193        277        589
        11        546        135         51          1        193        277        589
        11        546        135         51          1        193        277        589
        11        546        135         51          1        193        277        589
        11        546        135         51          1        193        277        589
        11        546        135         51          1        193        277        589
        11        546        135         51          1        193        277        589
        11        546        135         51          1        193        277        589
        11        546        135         51          1        193        277        589
        11        546        135         51          1        193        277        589
        11        546        135         51          1        193        277        589
        11        546        135         51          1        193        277        589
        11        546        135         51          1        193        277        589
        11        546        135         51          1        193        277        589
        11        546        135         51          1        193        277        589
        11        546        135         51          1        193        277        589
        11        546        135         51          1        193        277        589
        11        546        135         51          1        193        277        589
        11        546        135         51          1        193        277        589
        11        546        135         51          1        193        277        589
        11        546        135         51          1        193        277        589
        11        546        135         51          1        193        277        589
        11        546        135         51          1        193        277        589
        11        546        135         51          1        193        277        589
        11        546        135         51          1        193        277        589
        11        546        135         51          1        193 
Sorting:

Sorted:
        51        135        193        277        546        589          1         11
        51        135        193        277        546        589          1         11
        51        135        193        277        546        589          1         11
        51        135        193        277        546        589          1         11
        51        135        193        277        546        589          1         11
        51        135        193        277        546        589          1         11
        51        135        193        277        546        589          1         11
        51        135        193        277        546        589          1         11
        51        135        193        277        546        589          1         11
        51        135        193        277        546        589          1         11
        51        135        193        277        546        589          1         11
        51        135        193        277        546        589          1         11
        51        135        193        277        546        589          1         11
        51        135        193        277        546        589          1         11
        51        135        193        277        546        589          1         11
        51        135        193        277        546        589          1         11
        51        135        193        277        546        589          1         11
        51        135        193        277        546        589          1         11
        51        135        193        277        546        589          1         11
        51        135        193        277        546        589          1         11
        51        135        193        277        546        589          1         11
        51        135        193        277        546        589          1         11
        51        135        193        277        546        589          1         11
        51        135        193        277        546        589          1         11
        51        135        193        277        546        589          1         11
        51        135        193        277        546        589          1         11
        51        135        193        277        546        589          1         11
        51        135        193        277        546        589          1         11
        51        135        193        277        546        589          1         11
        51        135        193        277        546        589          1         11
        51        135        193        277        546        589          1         11
        51        135        193        277        546        589          1         11
        51        135        193        277        546        589          1         11
        51        135        193        277        546        589          1         11
        51        135        193        277        546        589          1         11
        51        135        193        277        546        589          1         11
        51        135        193        277        546        589          1         11
        51        135        193        277        546        589          1         11
        51        135        193        277        546        589          1         11
        51        135        193        277        546        589          1         11
        51        135        193        277        546        589          1         11
        51        135        193        277        546        589          1         11
        51        135        193        277        546        589          1         11
        51        135        193        277        546        589          1         11
        51        135        193        277        546        589          1         11
        51        135        193        277        546        589          1         11
        51        135        193        277        546        589          1         11
        51        135        193        277        546        589          1         11
        51        135        193        277        546        589          1         11
        51        135        193        277        546        589          1         11
        51        135        193        277        546        589          1         11
        51        135        193        277        546        589          1         11
        51        135        193        277        546        589          1         11
        51        135        193        277        546        589          1         11
        51        135        193        277        546        589          1         11
        51        135        193        277        546        589          1         11
        51        135        193        277        546        589          1         11
        51        135        193        277        546        589          1         11
        51        135        193        277        546        589          1         11
        51        135        193        277        546        589          1         11
        51        135        193        277        546        589          1         11
        51        135        193        277        546        589          1         11
        51        135        193        277        546        589          1         11
        51        135        193        277        546        589          1         11
        51        135        193        277        546        589          1         11
        51        135        193        277        546        589          1         11
        51        135        193        277        546        589          1         11
        51        135        193        277        546        589          1         11
        51        135        193        277        546        589 
