seed = 2364 sort algorithm = Quick Sort

Unsorted:
       168        123        638        322        541        193        592        695
       834        321        863        200        929          2        409        328
       245        871        717        131        275        952        424         18
       282        356         85        409        595         49        634        115
       524        624        437         65        817        381        112        651
       702        328        852        631        330        613        960        927
       484        677        410        759        982        835        129        264
       191        214         25        138        615         11        253        491
       635         42        556        805        423        669        808        477
       997         12        109        679        625        421        606        461
       450         17        220        784        852        701        400        395
       916        425        886        883        436        491        375        424
       534        283        229        309        952         37        787        301
        50        248        332         27         21        291        489        471
       660         61        256        864        763          8        259         31
       434        497        914        222        989        641        646        875
       925        227        536        229        617        675        883         19
       923        215         46        296        506        535        768        166
       597        376        382        712        384        642        743        170
       491          9        393        480        651        391        707        928
       619        244        157        588        919         40        607        195
       608        653        491        466        541        611        633        138
       987         15        202        724          9        945        894        853
       306        639        685        309         31        393        237          2
       989        747        590        260        139        197        455        747
       202        299        214        743        262        199        233        602
       566        435        326        928        732        572        781         39
       212        818        348        243        211        586        245        552
       685        835        813        824        384        620        924        586
       919        138        682        534        689        915        136        255
       703        462        535        435        386        316        474        598
       135        823        193        698        761        438        251        798
       625        416        622        361         36        546        300        308
        36        982        842        725        897        978        333        600
       792        868        388        178        537        862        777        672
        37        970        722        150        761        325        948        738
       741        923        452        778        469        752        438        858
       734        280        583        983        258        916        936         50
       785        324        228        322        538        357        346        928
       328        420         78        441        746        379        531        839
       302        983        969        123        735        407        981        469
       687        917        453        945        833        741        347        970
        65        576        292        603        285        990        531        613
       411        962        406        509        341        938        348        995
       273        318        470          9        725        804        830        765
       721        635        710        906        376        410        877        441
       986        521        397        271        512        280        237        275
       242        995        784        935        285        484        282        559
       802        753        920        880        909        102        645        982
        90        707        888        466        117        117        260        455
       639          9         79        503        289        668        130        532
       663        914        467        301        398        750        212        553
       855        484        785        764        586        430        746        676
       489        986        495        959        104        107        414         95
       116        845        950        405        513         80        937        529
       346        757        830         96        859        394        649         66
       878        786        182        816        568        280        493         58
       266        340         17        722        447        783        817        563
       629        119        968        142        199        258        671        897
       367        853        994        226        247        995        292        477
       782        474        294        350        754        787        408        372
       479        777         95        926        561        264        841        542
       384        161        684        935        419        708        833        786
       913        827        364        513        174          8        990        956
       482        284        307        588        423         67        313        902
       197        408        180        110         24         21        652        760
       183        688        696        954        396        881        741        662
        60        457        175        234        466        165        191        300
       802        850        241        225        917        554 
Sorting:

Sorted:
       928        928        928        929        935        935        936        937
       938        945        945        950        952        952        954        956
       959        960        962        968        969        970        981        982
       982        983        983        986        986        987        989        989
       717        721        722        724        725        732        734        741
       741        743        743        746        746        747        747        750
       752        753        754        757        759        761        763        764
       768        777        778        781        782        783        785        785
         9          9         11         15         17         18         19         21
        21         24         25         27         31         31         37         39
        40         46         49         50         50         58         60         61
        65         66         67         78         79         80         85         90
        95         96        102        104        107        110        112        115
       116        117        117        119        123        129        130        131
       135        136        138        138        138        139        142        157
       165        166        168        170        175        180        182          9
       183        191        191        266        391        405        480        513
       193          2          2          8          8          9        193        195
       197        197        199        199        200        202        202        211
       212        212        214        214        215        222        225        226
       227        228        229        229        233        234        237        237
       241        242        243        244        245        245        247        248
       251        253        255        256        258        258        259        260
       260        262        264        271        273        275        275        280
       280        280        282        282        283        284        285        289
       291        296        299        300        301        301        306        307
       309        309        313        316        318        321        322        322
       324        326        328        328        328        330        332        340
       346        346        348        356        357        367        376        376
       381        382        384        384        386        393        393        394
       396        397        398        408        409        409        410        410
       414        420        423        424        430        434        435        435
       437        438        438        441        441        447        452        455
       455        457        462        466        466        466        467        469
       470        471        474        482        484        484        484        489
       489        491        491        491        493        495        497        503
       506        512        521        524        529        532        534        534
       535        535        536        538        541        541        552        553
       554         95        161        264        292        384        419        542
       559        561        563        566        568        572        583        586
        95         96        102        104        107        110        112        115
       116        117        117        119        123        129        130        131
       135        136        138        138        138        139        142        157
       165        166        168        170        175        180        182          9
       765        784        174        294        350        364        372        408
       474        477        479        513        586        586        588        588
       590        592        595        597        598        602        607        608
       611        615        617        619        620        629        633        634
       635        638        639        639        641        642        645        646
       649        651        653        660        662        663        668        671
       675        676        682        684        685        685        689        695
       696        698        703        707        707        708        710        712
       717        721        722        724        725        732        734        741
       741        743        743        746        746        747        747        750
       752        753        754        757        759        761        763        764
       768        777        778        781        782        783        785        785
       786        786        787        787        798        802        802        804
       813        816        817        817        818        823        824        827
       830        830        833        833        834        835        835        839
       841        845        850        852        853        853        855        858
       859        863        864        871        875        877        878        880
       881        883        888        894        897        902        906        909
       913        914        914        915        916        917        917        919
       919        920        923        923        924        925        926        927
       928        928        928        929        935        935        936        937
       938        945        945        950        952        952        954        956
       959        960        962        968        969        970        981        982
       982        983        983        986        986        987        989        989
       990        990        994        995        995        995 
