seed = 8897 sort algorithm = Bubble Sort

Unsorted:
       300         87        156        505        646        774        994        430
       668        994        132        727        452         74        653        855
       339        102        195        242          1        313        975        929
       804        894        163        160        166        267        175        819
       354        331        676          0        457         22        782        477
        17        914        205        821        988        210         28        680
       664        223        274        665        536        601        594        340
       496        109        852         14        376        380        185        730
        63        862         82        521        884        864        998        253
       778        555        427        119        117        807        151        781
        31        777        446        919        379        392        612        227
       501        464        241        877        196        427        959        260
       641         41        781        877        257        131        483        388
        39        262        859        156         69        362        290        452
       139         88        372        870        833        984         97        334
       800        691        212        997        470        523        609        463
       917        390        340        174        873        175        914        264
       437        773        773        507        135         63        311        275
       503        683        497        336         19        595        671        172
       638        235        521        108        758        130        571         27
       872        263        202        745        791        116         10        228
       242        783         87        377        198        399          4         53
       434        854        390        806        449        413        978        439
         0        851        547        110        981        470        138        205
        85        692        302        876        808        664        457        402
       799        544        132        997        295        488         51         82
       342        793        888        143        558        218        582        558
        69        129        668        402        951        158        607        389
       850        909        265        659        574        722        413        373
       619        545        723        914         34        126        996        728
       919        236        872        829        454        454        387        875
       936        407        277        887        566        236        628        416
       146        246        427        720        968        841        445        939
       738        168        206        124        294        554        853        565
       791        725        394        597        179        133        473        115
       541        102        355        107        339        335        523        485
       581        303        557        902        144        354        841        882
       875        399          7        521        954        212         87        745
       937        833        694        468        319        519        936        860
       622        643        319        961        978        194        798        560
       497        707        462        993         61        655        228        936
        55        235        810          9        799        897        106        736
        82        800        204        401        320        140        613        294
       135        932        255        114        479        405        674        976
       464        488        970        525        143        198        814        198
       785        624        559        584        873        665        672        307
       818        228         61        490        721        674        784        856
       959        391        970        438        148        996        766        612
       484         88        489        628        286        655        178        423
       631         90        359        504        755        383        164        925
       612        225        767        333        251        903        189        210
       646        160          0        794        156        767        758        993
       855        248        973        494        255        151        269        887
       241        629        743        349         12        907        626        624
       484        746        309        736        649        499        298        296
       659        299        442        167        418        201        160        273
       801        485        119         56        637        389        943        230
       370         39        931        734        298        910        711        783
       656         20        871        657        519        521        953        530
       172        748         50        590        949        562        216        102
        48        335        158         37         76        454        619        446
       845        551        181        143        813        892        926        821
       912        149        478        784        671        784        314        843
       532        364        786        833        927        354        935        327
        41        445        364        118        251        983        916         96
       886         97        240        699        341        518        872        606
       668        351        742        691        487         56        886        371
       773         24        204         52        378        491        379        420
       936         95        890        188         78        806 
Sorting:

Sorted:
         0          0          0          1          4          7          9         10
        12         14         17         19         20         22         24         27
        28         31         34         37         39         39         41         41
        48         50         51         52         53         55         56         56
        61         61         63         63         69         69         74         76
        78         82         82         82         85         87         87         87
        88         88         90         95         96         97         97        102
       102        102        106        107        108        109        110        114
       781        782        784        785        794        799        800        810
       814        818        855        856        873        887        892        897
       903        907        910        912        925        926        927        931
       932        935        936        943        949        953        959        970
       970        973        976        993        993        996        401        405
       413        418        423        427        427        438        442        445
       462        464        468        473        479        484        484        485
       488        489        490        494        497        499        504        519
       781        782        784        785        794        799        800        810
       814        818        855        856        873        887        892        897
       903        907        910        912        925        926        927        931
       932        935        936        943        949        953        959        970
       970        973        976        993        993        996        401        405
       413        418        423        427        427        438        442        445
       462        464        468        473        479        484        484        485
       488        489        490        494        497        499        504        519
       119        124        129        131        135        138        139        140
       143        143        143        144        146        148        149        151
       151        156        156        156        158        158        160        160
       160        163        164        166        167        168        172        172
       174        175        175        178        179        181        185        189
       194        195        196        198        198        198        201        202
       204        205        205        206        210        212        216        225
       228        228        230        235        241        246        248        251
       781        782        784        785        794        799        800        810
       814        818        855        856        873        887        892        897
       903        907        910        912        925        926        927        931
       932        935        936        943        949        953        959        970
       970        973        976        993        993        996        401        405
       413        418        423        427        427        438        442        445
       462        464        468        473        479        484        484        485
       488        489        490        494        497        499        504        519
       251        255        257        260        262        263        264        267
       269        273        274        275        286        290        294        294
       296        298        298        299        300        303        307        309
       311        313        314        319        319        320        327        331
       333        334        335        335        336        339        339        340
       340        341        349        351        354        354        354        355
       359        362        364        364        370        371        372        376
       377        378        379        379        380        383        388        389
       251        255        257        260        262        263        264        267
       269        273        274        275        286        290        294        294
       296        298        298        299        300        303        307        309
       311        313        314        319        319        320        327        331
       333        334        335        335        336        339        339        340
       340        341        349        351        354        354        354        355
       359        362        364        364        370        371        372        376
       377        378        379        379        380        383        388        389
       521        523        525        597        601        606        609        612
       612        612        613        622        624        624        626        628
       629        631        641        643        646        646        649        653
       655        655        659        664        665        665        668        668
       672        674        674        676        680        691        691        694
       699        707        720        721        725        727        730        736
       736        738        742        743        745        746        755        758
       766        767        767        773        774        777        778        781
       781        782        784        785        794        799        800        810
       814        818        855        856        873        887        892        897
       903        907        910        912        925        926        927        931
       932        935        936        943        949        953        959        970
       970        973        976        993        993        996 
