seed = 7663 sort algorithm = Quick Sort

Unsorted:
       137        113         34        187         59         74        302        649
       598        551        567        398        432        533        304        933
       262        826        732        244        599        655        652        344
        66        993        769        391        485        506        912        622
       620        946        162         31        373        816        680        323
       719        600        721        503        133        377        437        395
       556        169        992        155        176        996        500        595
       989        621        986        474        128        250        449        748
       197        611        779        922        779        811        245        498
       763        318          1        897        695        790        644        251
       312        988        759        840        984        611        435        325
       232        773        800        360         24        601        460        573
       564        591        847        343        755        444        193        518
       762        546        767        809        689        412        413          1
       400        172        193        737        783        629         62        367
       754        214        728        130        815        540         55        379
       132        902         74        239        698        267        757        460
       166        525        622        855        289         35        208        689
       559        401        778        694        382        841         61        489
       407        141        971        223        682         27        954        166
       281         29        405        980        648        162        792        814
        39        414         21        328        801        229        370        360
       983        148         54        717        341        468        206        749
       609        178        972        291        557        278        457        838
       659        862        170        308        377        963        474        416
       729        848         97        531         77        467        243        412
       615        298        130        957        118        688         58        727
       866        382        371        775        660        828        614        320
        43        136        980        772         99        806        540        829
       654        637        712         84        104        955        496         72
       605        978        381        723        667        439        803        885
       821        174        661        833        354        627        505        397
       763        485        521        215        644         62        396        298
       699        108        382        804        415        231        876         21
       561        257         96        228         48        899        466        869
        73        127         54        428        106        560        177        869
       397        699        436         41        761        832        340        812
       292         74        616        708        305        844         81        219
       453        177        447        501         77        265        722        502
       392        129        930        850        689        460        720         86
       511        508        128        624        341        820        436        985
       894        405        693        552        601        774        771        407
       304        570        260        381        836        983        235        580
       464        518        431        153        978        503        591        841
        11        719        465        352        539        901        338        786
       658        383        338        260        510        461        667        814
        31        927        547        219        262        134        800        726
       652        231        231        982         86        823        823         97
       894        288        802        786        542        492        572        552
       875        262        164        737        723        831        903        106
       111        450        326        725        585        126        804        589
       709        387        572        795        210        395        244        457
        36         46        243        578        538        815        130        414
       429        295        503        152        478        407        610        941
       209        936         19        146        414        175        736        475
       562        308        622        125         55        867        582         91
       913        177         21        452        992        504        218        773
       151        721        925        629        128        535        923        338
       824        294        484        238        821        572         66        735
       880        688        860        936        555        794        379        469
       971        401        921        315        905        491         88         56
       212        365         37        341        253        312         31        429
       606        515         19        779         88         85        515        320
       774        375        608        681        522        988        150        845
       389        423        513        646        914        601        702        127
       319         91        820        924        404        851        353        362
       718        372        142        806        458        657        479        584
       384         87        265        906        427        416        752        168
       191        265        814        458        218        516 
Sorting:

Sorted:
-1625813011 -1357550910 -1355619262 -1345938988 -1323837443 -1003708927 -723158913         31
        34         59         66         74         87         91        113        127
       128        133        137        142        155        162        168        169
       176        187        191        218        244        250        262        265
       265        302        304        319        323        344        353        362
       372        373        377        384        389        391        395        398
       404        416        423        427        432        437        449        458
       458        474        479        485        500        503        506        513
       815        816        820        826        826        831        851        851
       867        875        894        903        906        906        912        912
       914        924        933        933        936        941        946        993
       993   51893134   55375545  206558119  222698990  375910509  542060153  781732981
1122899651 1124473524 1630711583 1634695373 1683221428 1745970324 -1625813011 -1541071910
-1357550910 -1346725710 -1345938988 -1323837443 -1262747217 -1003708927 -999883435 -723158913
-641105700 -490213275        111        126        132        164        210        262
       288        326        450        492        516        769        814        814
       815        816        820        826        826        831        851        851
       867        875        894        903        906        906        912        912
       914        924        933        933        936        941        946        993
       993   51893134   55375545  206558119  222698990  375910509  542060153  781732981
1122899651 1124473524 1630711583 1634695373 1683221428 1745970324 -1625813011 -1541071910
-1357550910 -1346725710 -1345938988 -1323837443 -1262747217 -1003708927 -999883435 -723158913
-641105700 -490213275        111        126        132        164        210        262
       288        326        450        492        516        769        814        814
       815        816        820        826        826        831        851        851
       867        875        894        903        906        906        912        912
       914        924        933        933        936        941        946        993
       993   51893134   55375545  206558119  222698990  375910509  542060153  781732981
1122899651 1124473524 1630711583 1634695373 1683221428 1745970324 -1625813011 -1541071910
-1357550910 -1346725710 -1345938988 -1323837443 -1262747217 -1003708927 -999883435 -723158913
-641105700 -490213275        111        126        132        164        210        262
       288        326        450        492        516        769        814        814
       815        816        820        826        826        831        851        851
       867        875        894        903        906        906        912        912
       914        924        933        933        936        941        946        993
       993   51893134   55375545  206558119  222698990  375910509  542060153  781732981
1122899651 1124473524 1630711583 1634695373 1683221428 1745970324 -1625813011 -1541071910
-1357550910 -1346725710 -1345938988 -1323837443 -1262747217 -1003708927 -999883435 -723158913
-641105700 -490213275        111        126        132        164        210        262
       288        326        450        492        516        769        814        814
       815        816        820        826        826        831        851        851
       867        875        894        903        906        906        912        912
       914        924        933        933        936        941        946        993
       993   51893134   55375545  206558119  222698990  375910509  542060153  781732981
1122899651 1124473524 1630711583 1634695373 1683221428 1745970324 -1625813011 -1541071910
-1357550910 -1346725710 -1345938988 -1323837443 -1262747217 -1003708927 -999883435 -723158913
-641105700 -490213275        111        126        132        164        210        262
       288        326        450        492        516        769        814        814
       516        533        533        538        542        551        551        552
       556        562        567        567        572        572        578        582
       584        584        585        589        598        598        599        599
       600        601        610        620        620        622        622        622
       646        649        649        652        652        655        655        657
       657        680        702        709        718        718        719        721
       723        725        732        732        736        737        752        752
       763        769        786        795        802        804        806        806
       815        816        820        826        826        831        851        851
       867        875        894        903        906        906        912        912
       914        924        933        933        936        941        946        993
       993   51893134   55375545  206558119  222698990  375910509  542060153  781732981
1122899651 1124473524 1630711583 1634695373 1683221428 1745970324 -1625813011 -1541071910
-1357550910 -1346725710 -1345938988 -1323837443 -1262747217 -1003708927 -999883435 -723158913
-641105700 -490213275        111        126        132        164        210        262
       288        326        450        492        516        769        814        814
       815        816        820        826        826        831        851        851
       867        875        894        903        906        906        912        912
       914        924        933        933        936        941        946        993
       993   51893134   55375545  206558119  222698990  375910509  542060153  781732981
1122899651 1124473524 1630711583 1634695373 1683221428 1745970324 
